14733
28523
29451
18672
29605
16968
11845
22029
300
10073
20834
1035
1652
27128
4449
11962
16290
9992
25513
20922
26206
27611
12629
16005
8143
15443
21711
29615
1734
17480
5536
31085
9785
14378
5766
26453
30708
10472
27079
30564
15243
20240
16326
19013
14739
4407
25556
16592
18193
18843
31560
3794
7475
3847
15058
27404
22846
1271
1548
126
14536
30461
11602
1253
26151
17251
15828
6274
26921
22802
6121
21277
4102
19634
16295
8778
25746
18707
7088
23787
439
24268
5710
12278
23843
30498
21699
18552
22846
28203
30938
24282
13151
6195
8386
1891
8767
13918
6428
27647
